=== Run information ===

Evaluator:    weka.attributeSelection.PrincipalComponents -R 0.95 -A 5
Search:weka.attributeSelection.Ranker -T -1.7976931348623157E308 -N -1
Relation:     processed-weka.filters.unsupervised.attribute.AddCluster-Wweka.clusterers.SimpleKMeans -N 12 -A "weka.core.EuclideanDistance -R first-last" -I 500 -S 10-weka.filters.unsupervised.attribute.Remove-R1,4-5,7-8,13,15,25-27,33,35
Instances:    42
Attributes:   23
              sport
              dip
              interval1
              interval4
              interval5
              interval6
              interval7
              interval9
              packet_len2
              packet_len3
              packet_len4
              packet_len5
              packet_len6
              packet_len7
              packet_len8
              packet_len9
              packet_len10
              payload_len4
              payload_len5
              payload_len6
              payload_len7
              payload_len8
              payload_len10
Evaluation mode:evaluate on all training data



=== Attribute Selection on all input data ===

Search Method:
	Attribute ranking.

Attribute Evaluator (unsupervised):
	Principal Components Attribute Transformer

Correlation matrix
  1     -0.14   0.03  -0.24  -0.09   0.13   0.15   0.08  -0.06  -0.13  -0.16   0.18  -0.09  -0.28  -0.32  -0.14  -0.08  -0.15   0.18  -0.09  -0.28  -0.32  -0.08 
 -0.14   1     -0.06  -0.01   0.12  -0.05   0.09   0.36   0.46   0.71  -0.5   -0.38  -0.46  -0.48  -0.11   0.13   0.5   -0.52  -0.38  -0.47  -0.49  -0.12   0.5  
  0.03  -0.06   1      0.32   0.33   0.09   0.31  -0.15   0.17   0.02   0.06   0.25  -0.44  -0.22   0.19  -0.05  -0.34   0.06   0.25  -0.44  -0.22   0.19  -0.35 
 -0.24  -0.01   0.32   1      0.29   0.13   0.1    0.01   0.08   0.01   0.18  -0.54  -0.22  -0.12   0.73  -0.07  -0.02   0.18  -0.54  -0.22  -0.12   0.73  -0.02 
 -0.09   0.12   0.33   0.29   1     -0.23  -0.34  -0.17   0.03   0.13   0.02  -0.37  -0.03  -0.31   0.51   0.16   0.02   0.02  -0.37  -0.03  -0.32   0.51   0.02 
  0.13  -0.05   0.09   0.13  -0.23   1      0.25   0.39  -0.11  -0.11   0.04   0.08  -0.46  -0.47  -0.26  -0.13  -0.09   0.04   0.08  -0.46  -0.47  -0.26  -0.09 
  0.15   0.09   0.31   0.1   -0.34   0.25   1     -0.02   0.05   0.01  -0.22   0.46  -0.3   -0.2   -0.26  -0.04  -0.03  -0.22   0.46  -0.3   -0.2   -0.26  -0.03 
  0.08   0.36  -0.15   0.01  -0.17   0.39  -0.02   1      0.18   0.21  -0.3   -0.18  -0.17  -0.51  -0.21  -0.12  -0.08  -0.3   -0.18  -0.18  -0.51  -0.22  -0.09 
 -0.06   0.46   0.17   0.08   0.03  -0.11   0.05   0.18   1      0.86  -0.19  -0.14  -0.16  -0.15   0.26   0.36   0.29  -0.21  -0.15  -0.17  -0.15   0.26   0.28 
 -0.13   0.71   0.02   0.01   0.13  -0.11   0.01   0.21   0.86   1     -0.36  -0.32  -0.3   -0.29   0.19   0.38   0.44  -0.38  -0.32  -0.31  -0.3    0.19   0.43 
 -0.16  -0.5    0.06   0.18   0.02   0.04  -0.22  -0.3   -0.19  -0.36   1      0.28   0.24   0.41   0.3    0.23  -0.27   1      0.28   0.24   0.42   0.3   -0.27 
  0.18  -0.38   0.25  -0.54  -0.37   0.08   0.46  -0.18  -0.14  -0.32   0.28   1      0.17   0.25  -0.51   0.06  -0.41   0.28   1      0.17   0.25  -0.51  -0.41 
 -0.09  -0.46  -0.44  -0.22  -0.03  -0.46  -0.3   -0.17  -0.16  -0.3    0.24   0.17   1      0.53   0.18   0.15  -0.08   0.24   0.17   1      0.53   0.18  -0.08 
 -0.28  -0.48  -0.22  -0.12  -0.31  -0.47  -0.2   -0.51  -0.15  -0.29   0.41   0.25   0.53   1      0.13   0.01  -0.17   0.42   0.25   0.53   1      0.13  -0.17 
 -0.32  -0.11   0.19   0.73   0.51  -0.26  -0.26  -0.21   0.26   0.19   0.3   -0.51   0.18   0.13   1      0.24   0.05   0.29  -0.51   0.18   0.13   1      0.05 
 -0.14   0.13  -0.05  -0.07   0.16  -0.13  -0.04  -0.12   0.36   0.38   0.23   0.06   0.15   0.01   0.24   1      0.42   0.22   0.06   0.14   0      0.24   0.42 
 -0.08   0.5   -0.34  -0.02   0.02  -0.09  -0.03  -0.08   0.29   0.44  -0.27  -0.41  -0.08  -0.17   0.05   0.42   1     -0.28  -0.41  -0.09  -0.18   0.05   1    
 -0.15  -0.52   0.06   0.18   0.02   0.04  -0.22  -0.3   -0.21  -0.38   1      0.28   0.24   0.42   0.29   0.22  -0.28   1      0.29   0.25   0.42   0.3   -0.27 
  0.18  -0.38   0.25  -0.54  -0.37   0.08   0.46  -0.18  -0.15  -0.32   0.28   1      0.17   0.25  -0.51   0.06  -0.41   0.29   1      0.17   0.25  -0.51  -0.41 
 -0.09  -0.47  -0.44  -0.22  -0.03  -0.46  -0.3   -0.18  -0.17  -0.31   0.24   0.17   1      0.53   0.18   0.14  -0.09   0.25   0.17   1      0.53   0.18  -0.08 
 -0.28  -0.49  -0.22  -0.12  -0.32  -0.47  -0.2   -0.51  -0.15  -0.3    0.42   0.25   0.53   1      0.13   0     -0.18   0.42   0.25   0.53   1      0.13  -0.17 
 -0.32  -0.12   0.19   0.73   0.51  -0.26  -0.26  -0.22   0.26   0.19   0.3   -0.51   0.18   0.13   1      0.24   0.05   0.3   -0.51   0.18   0.13   1      0.04 
 -0.08   0.5   -0.35  -0.02   0.02  -0.09  -0.03  -0.09   0.28   0.43  -0.27  -0.41  -0.08  -0.17   0.05   0.42   1     -0.27  -0.41  -0.08  -0.17   0.04   1    


eigenvalue	proportion	cumulative
  5.72844	  0.24906	  0.24906	0.339dip-0.315payload_len7-0.313packet_len7+0.29 packet_len3-0.269payload_len4...
  4.56199	  0.19835	  0.44741	0.419packet_len8+0.418payload_len8-0.282payload_len5-0.282packet_len5+0.256interval4...
  3.10205	  0.13487	  0.58228	-0.402interval1-0.356interval4+0.326payload_len10+0.326packet_len10+0.258packet_len6...
  2.14995	  0.09348	  0.67576	-0.416packet_len9-0.383packet_len2-0.333packet_len5-0.329payload_len5-0.303packet_len3...
  1.54122	  0.06701	  0.74277	-0.452interval6-0.387payload_len4-0.386packet_len4-0.305payload_len10-0.303packet_len10...
  1.37059	  0.05959	  0.80236	0.353interval5-0.34packet_len7-0.34payload_len7+0.321packet_len9+0.302sport...
  1.28261	  0.05577	  0.85812	-0.552interval9+0.396interval5-0.344packet_len2+0.282sport-0.258packet_len3...
  1.01886	  0.0443 	  0.90242	-0.562interval7-0.334interval4-0.294payload_len6-0.293packet_len6+0.251interval5...
  0.79373	  0.03451	  0.93693	-0.778sport-0.307packet_len2+0.226interval5+0.186dip+0.184interval7...
  0.44471	  0.01934	  0.95627	-0.547interval6+0.504dip+0.289packet_len4+0.288payload_len4+0.276interval7...

Eigenvectors
 V1	 V2	 V3	 V4	 V5	 V6	 V7	 V8	 V9	 V10	
 0.0142	-0.2084	-0.0163	 0.079 	 0.0262	 0.3018	 0.2819	-0.2118	-0.7776	 0.201 	sport
 0.3386	-0.0166	 0.1394	-0.0951	 0.0632	-0.0535	-0.0978	 0.2176	 0.1856	 0.5037	dip
 0.0303	-0.0438	-0.4022	-0.2977	 0.2716	-0.0127	 0.1868	 0.0707	 0.0549	-0.1269	interval1
 0.0936	 0.2565	-0.3563	 0.0459	-0.0694	-0.2303	-0.0677	-0.3341	 0.0087	 0.2073	interval4
 0.1006	 0.2291	-0.191 	 0.04  	 0.1648	 0.3526	 0.3958	 0.2513	 0.2265	-0.0168	interval5
 0.0896	-0.2118	-0.2351	 0.0422	-0.4524	 0.0162	-0.1947	-0.1545	 0.0207	-0.5469	interval6
 0.0409	-0.2374	-0.0972	-0.2944	 0.0696	-0.2496	 0.0804	-0.5618	 0.1837	 0.2757	interval7
 0.1774	-0.1388	-0.0293	 0.2069	-0.0601	 0.2834	-0.5525	-0.0923	 0.1119	 0.2028	interval9
 0.2009	 0.1028	 0.08  	-0.3831	 0.216 	 0.1103	-0.3438	-0.0355	-0.307 	-0.1352	packet_len2
 0.2896	 0.097 	 0.1377	-0.3028	 0.1738	 0.0675	-0.258 	 0.1142	-0.1417	-0.0695	packet_len3
-0.263 	 0.1472	-0.1743	-0.1797	-0.3858	 0.1009	-0.0955	 0.1802	-0.0902	 0.2891	packet_len4
-0.2477	-0.2821	 0.0075	-0.3326	 0.056 	 0.114 	 0.0231	-0.0396	 0.1212	 0.0155	packet_len5
-0.2602	 0.1591	 0.2578	 0.1209	 0.1147	 0.2852	-0.05  	-0.2933	 0.1474	 0.0152	packet_len6
-0.3127	 0.1407	 0.1727	-0.0678	 0.1011	-0.3403	-0.1148	 0.0959	-0.1356	-0.0637	packet_len7
 0.0185	 0.4185	-0.1924	-0.056 	 0.0748	 0.028 	-0.035 	-0.2016	-0.0449	-0.0504	packet_len8
 0.0355	 0.1576	 0.16  	-0.4159	-0.2314	 0.321 	 0.0448	-0.0424	 0.1285	-0.1631	packet_len9
 0.224 	 0.1229	 0.3256	-0.113 	-0.3026	-0.1131	 0.2512	-0.1122	-0.0003	-0.0025	packet_len10
-0.2685	 0.1429	-0.1764	-0.1691	-0.3866	 0.0979	-0.087 	 0.1749	-0.0852	 0.288 	payload_len4
-0.2494	-0.2821	 0.0063	-0.3292	 0.0544	 0.1132	 0.0252	-0.0404	 0.1221	 0.0161	payload_len5
-0.2629	 0.1572	 0.255 	 0.1243	 0.112 	 0.2832	-0.0464	-0.2936	 0.1486	 0.016 	payload_len6
-0.3147	 0.1393	 0.1708	-0.0645	 0.099 	-0.3399	-0.1118	 0.0945	-0.1338	-0.0628	payload_len7
 0.0162	 0.4184	-0.1938	-0.0537	 0.0735	 0.0275	-0.033 	-0.2028	-0.0439	-0.0499	payload_len8
 0.2221	 0.1224	 0.3256	-0.1106	-0.3055	-0.1142	 0.2546	-0.1137	 0.001 	-0.0018	payload_len10

Ranked attributes:
 0.7509   1 0.339dip-0.315payload_len7-0.313packet_len7+0.29 packet_len3-0.269payload_len4...
 0.5526   2 0.419packet_len8+0.418payload_len8-0.282payload_len5-0.282packet_len5+0.256interval4...
 0.4177   3 -0.402interval1-0.356interval4+0.326payload_len10+0.326packet_len10+0.258packet_len6...
 0.3242   4 -0.416packet_len9-0.383packet_len2-0.333packet_len5-0.329payload_len5-0.303packet_len3...
 0.2572   5 -0.452interval6-0.387payload_len4-0.386packet_len4-0.305payload_len10-0.303packet_len10...
 0.1976   6 0.353interval5-0.34packet_len7-0.34payload_len7+0.321packet_len9+0.302sport...
 0.1419   7 -0.552interval9+0.396interval5-0.344packet_len2+0.282sport-0.258packet_len3...
 0.0976   8 -0.562interval7-0.334interval4-0.294payload_len6-0.293packet_len6+0.251interval5...
 0.0631   9 -0.778sport-0.307packet_len2+0.226interval5+0.186dip+0.184interval7...
 0.0437  10 -0.547interval6+0.504dip+0.289packet_len4+0.288payload_len4+0.276interval7...

Selected attributes: 1,2,3,4,5,6,7,8,9,10 : 10

